4
8
 0.1 -0.1 -0.1
 0.1 -0.1  0.1
-0.1 -0.1  0.1
-0.1 -0.1 -0.1
 0.1  0.1 -0.1
 0.1  0.1  0.1
-0.1  0.1  0.1
-0.1  0.1 -0.1
12
1 2 3
5 8 7
1 5 6
2 6 3
3 7 4
5 1 4
4 1 3
6 5 7
2 1 6
6 7 3
7 8 4
8 5 4
1 1 1
45 0 0 1
0.2 0.5 0
35 219 195 255
8
 0.1 -0.1 -0.1
 0.1 -0.1  0.1
-0.1 -0.1  0.1
-0.1 -0.1 -0.1
 0.1  0.1 -0.1
 0.1  0.1  0.1
-0.1  0.1  0.1
-0.1  0.1 -0.1
12
1 2 3
5 8 7
1 5 6
2 6 3
3 7 4
5 1 4
4 1 3
6 5 7
2 1 6
6 7 3
7 8 4
8 5 4
0.8 0.8 0.8  
0 0 0 1
0.6 0.6 0
255 0 0 255
8
 0.1 -0.1 -0.1
 0.1 -0.1  0.1
-0.1 -0.1  0.1
-0.1 -0.1 -0.1
 0.1  0.1 -0.1
 0.1  0.1  0.1
-0.1  0.1  0.1
-0.1  0.1 -0.1
12
1 2 3
5 8 7
1 5 6
2 6 3
3 7 4
5 1 4
4 1 3
6 5 7
2 1 6
6 7 3
7 8 4
8 5 4
12.0 1.8 1  
0 0 0 1
0 0 0
255 255 255 255
8
 0.1 -0.1 -0.1
 0.1 -0.1  0.1
-0.1 -0.1  0.1
-0.1 -0.1 -0.1
 0.1  0.1 -0.1
 0.1  0.1  0.1
-0.1  0.1  0.1
-0.1  0.1 -0.1
12
1 2 3
5 8 7
1 5 6
2 6 3
3 7 4
5 1 4
4 1 3
6 5 7
2 1 6
6 7 3
7 8 4
8 5 4
12.0 1.8 1  
0 0 0 1
0 1.0 0
255 255 255 255